(48, 50, 51, 53, 55, 56, 59)
(12, 13, 14, 16, 17)
(10, 12, 14, 17, 20, 23, 26)
(13, 14, 16, 18, 19)
(2, 3, 4, 5, 8, 9)
(19, 21, 22, 23)
(16, 19, 22, 25)
(38, 41, 43, 44, 47, 50, 51)
(19, 21, 23, 26)
(78, 80, 82, 83, 84, 85, 87)
(69, 70, 72, 73, 74, 76)
(45, 47, 50, 51, 52)
(41, 42, 43, 44, 47, 48)
(27, 28, 29, 32)
(59, 60, 61, 62, 65, 68)
(41, 43, 44, 46, 47, 49, 50)
(16, 18, 19, 20, 21)
(64, 65, 66, 67)
(34, 35, 36, 38, 39)
(17, 20, 21, 22, 23)
(87, 89, 92, 93, 95, 97)
(76, 79, 81, 82)
(27, 28, 31, 32)
(76, 77, 80, 83)
(11, 14, 16, 17, 19)
(72, 74, 76, 77)
(26, 28, 29, 32, 33)
(39, 37, 35, 32)
(52, 50, 47, 46, 44, 41, 39)
(35, 34, 33, 31, 30, 27, 24)
(75, 73, 70, 67)
(20, 19, 18, 17, 16, 14)
(59, 57, 56, 55, 54, 52, 50)
(69, 66, 63, 60)
(87, 86, 84, 81)
(92, 89, 88, 87)
(60, 59, 58, 55, 53, 51, 49)
(59, 61, 62, 64)
(18, 17, 15, 14, 13, 12)
(82, 80, 77, 76)
(88, 85, 84, 81, 80, 79, 76)
(61, 58, 57, 55, 54, 52)
(64, 62, 59, 57)
(16, 13, 10, 7, 6, 3)
(39, 38, 37, 35, 34)
(78, 79, 80, 81)
(48, 46, 45, 44, 43, 40)
(85, 84, 81, 80)
(39, 36, 35, 33, 31)
(58, 56, 55, 54, 53)
(29, 28, 26, 24)
(91, 90, 88, 86, 85, 82)
(7, 6, 5, 4, 3, 2)
(80, 81, 84, 86, 89, 91)
(23, 25, 26, 27, 30, 32, 35)
(82, 83, 85, 87, 88, 91)
(42, 44, 47, 48, 49, 52, 54)
(1, 4, 5, 8, 9)
(77, 79, 80, 81, 82, 83)
(70, 73, 76, 79, 80, 81)
(29, 31, 34, 35, 38)
(29, 31, 34, 35, 38, 41, 42)
(88, 91, 92, 94, 95, 96, 97)
(45, 46, 48, 49)
(15, 17, 18, 20)
(85, 86, 87, 89, 91, 92, 94)
(26, 27, 28, 30, 31, 32, 33)
(70, 71, 72, 75)
(73, 74, 76, 78, 79, 81, 83)
(4, 6, 8, 11, 14)
(14, 17, 18, 19)
(74, 75, 78, 80)
(86, 89, 92, 93)
(73, 75, 77, 79, 81, 82, 83)
(1, 4, 7, 8, 9, 10, 13)
(53, 56, 58, 61, 64, 66)
(36, 37, 40, 42, 44, 46, 47)
(75, 78, 79, 80)
(12, 13, 14, 16, 18)
(27, 28, 30, 32)
(20, 23, 25, 26)
(13, 15, 16, 19)
(57, 55, 54, 51, 49, 48, 46)
(6, 5, 2, 1)
(88, 86, 84, 83, 80, 79)
(71, 70, 67, 66)
(46, 45, 43, 40, 39, 36)
(56, 55, 54, 53, 52)
(55, 54, 53, 51)
(86, 84, 82, 80, 79)
(28, 25, 23, 21, 19, 18, 17)
(77, 76, 74, 72, 70, 69, 66)
(45, 44, 41, 40, 39, 36)
(84, 82, 80, 78, 77, 75, 74)
(46, 45, 43, 42, 39, 37)
(76, 74, 73, 71, 70, 69)
(13, 16, 17, 18, 19)
(19, 21, 22, 23)
(83, 84, 85, 87)
(77, 75, 74, 72, 70)
(27, 25, 22, 19, 18, 15, 13)
(71, 68, 65, 63, 61, 58)
(30, 27, 26, 24, 22, 21)
(52, 50, 48, 46, 43)
(21, 19, 17, 16, 15)
(76, 75, 74, 73, 72, 71)
(78, 75, 74, 72, 69, 66)
(47, 44, 43, 40, 39)
(18, 16, 13, 12, 11, 10, 9)
(20, 19, 17, 16, 15)
(88, 87, 84, 81, 80, 79)
(59, 56, 55, 53, 52)
(38, 36, 34, 33, 32)
(34, 37, 38, 40, 43, 45, 46)
(72, 71, 69, 68)
(40, 37, 34, 32, 30)
(41, 42, 45, 48, 49, 52, 54)
(37, 38, 41, 42, 43, 46)
(38, 36, 35, 33, 30, 28)
(80, 78, 77, 76, 74)
(54, 57, 60, 62, 63, 66)
(56, 54, 53, 50, 48, 47, 45)
(51, 50, 49, 47)
(70, 72, 74, 75, 78)
(88, 89, 90, 92, 94, 95, 97)
(99, 98, 95, 93)
(7, 8, 11, 13)
(48, 47, 44, 42, 41, 38, 37)
(26, 27, 29, 31, 34)
(38, 35, 33, 31, 30, 28, 27)
(66, 67, 69, 72, 74)
(49, 48, 46, 43, 41, 40, 38)
(14, 17, 18, 20)
(65, 63, 61, 60)
(28, 25, 24, 23)
(98, 95, 92, 90, 89)
(73, 71, 70, 68, 66)
(47, 48, 49, 51)
(62, 63, 66, 68, 70, 71)
(5, 7, 9, 10, 13, 14, 17)
(82, 81, 78, 76, 75)
(23, 26, 27, 29, 31, 34)
(43, 44, 45, 47, 49, 50)
(9, 11, 12, 13)
(41, 40, 39, 38)
(55, 54, 53, 52, 49, 48, 45)
(29, 28, 25, 22)
(51, 53, 56, 59, 60)
(55, 56, 59, 61, 62, 63)
(80, 79, 78, 77)
(34, 32, 31, 30, 29, 28)
(37, 34, 33, 32, 31, 29)
(70, 73, 75, 78, 79, 81, 84)
(43, 41, 39, 36, 35, 34, 33)
(95, 93, 92, 90, 89, 87, 85)
(33, 31, 28, 26, 23, 22, 19)
(2, 5, 7, 9, 12)
(55, 54, 52, 50, 49)
(41, 42, 45, 48, 50, 53, 54)
(74, 76, 79, 82, 85, 87, 89)
(9, 10, 12, 14, 16, 18, 20)
(95, 92, 90, 87, 85)
(82, 83, 86, 89, 92, 95)
(33, 36, 38, 41, 44, 45, 48)
(50, 49, 47, 44)
(82, 80, 79, 76, 74, 73)
(4, 7, 10, 11)
(90, 88, 86, 84, 82)
(41, 42, 44, 45, 47, 50, 53)
(62, 59, 56, 53, 51, 50, 49)
(61, 59, 57, 54, 51, 50)
(51, 53, 56, 57, 58, 59)
(68, 67, 66, 64, 62, 61)
(8, 10, 12, 15, 16)
(7, 9, 12, 15)
(72, 71, 68, 66)
(47, 46, 43, 42, 40, 39, 37)
(45, 43, 42, 41, 39)
(80, 82, 85, 86, 89, 90, 93)
(19, 16, 13, 10, 7, 5)
(78, 81, 84, 86, 88, 89)
(45, 42, 40, 37)
(34, 37, 40, 43, 44, 46, 48)
(58, 60, 61, 62, 65)
(31, 30, 27, 26, 24, 21)
(29, 28, 27, 26)
(9, 11, 13, 16, 18, 19, 21)
(54, 52, 51, 48, 45, 44)
(5, 7, 10, 12, 14, 17, 19)
(9, 10, 11, 14, 16)
(18, 16, 14, 13)
(46, 44, 42, 40, 39, 38)
(52, 51, 48, 45)
(95, 92, 89, 86, 84)
(72, 75, 76, 77, 80)
(86, 83, 80, 77)
(49, 50, 53, 55)
(58, 61, 64, 66, 67, 70, 73)
(34, 36, 39, 41, 42)
(47, 46, 45, 42)
(75, 77, 79, 80, 82, 83)
(75, 72, 69, 68, 66)
(22, 24, 26, 28)
(63, 60, 59, 58, 56, 54)
(62, 64, 66, 67)
(81, 83, 85, 86, 89, 90)
(67, 69, 70, 71, 74)
(74, 72, 71, 70, 68, 65)
(1, 3, 4, 6)
(48, 45, 42, 39, 37)
(37, 35, 33, 32, 30)
(67, 64, 61, 60, 58, 55, 53)
(25, 24, 22, 20)
(73, 74, 76, 77, 79, 80)
(29, 26, 25, 22)
(17, 16, 15, 14, 12)
(66, 64, 63, 62, 59, 57, 55)
(56, 54, 53, 51)
(40, 39, 36, 33, 30, 29, 27)
(36, 34, 33, 31)
(92, 93, 94, 95, 96)
(94, 92, 91, 89)
(15, 13, 12, 10, 9, 8)
(43, 41, 39, 36, 34, 33)
(70, 68, 65, 63, 62, 60)
(28, 25, 24, 21, 19)
(93, 92, 91, 88, 85)
(7, 6, 5, 3)
(29, 31, 33, 35)
(67, 64, 61, 58, 57)
(92, 89, 88, 87)
(73, 74, 77, 80)
(36, 33, 30, 27, 25, 22)
(18, 21, 24, 27, 28, 30, 33)
(35, 36, 38, 39, 40, 43)
(26, 27, 30, 32, 33)
(68, 69, 70, 72)
(61, 59, 57, 55, 54, 52)
(38, 39, 42, 45, 47, 50)
(1, 3, 5, 8, 10, 12, 13)
(28, 26, 23, 20, 19)
(77, 78, 79, 82)
(47, 50, 53, 54, 55, 58)
(21, 19, 16, 13)
(80, 82, 83, 84)
(92, 91, 90, 87, 85, 84, 83)
(43, 46, 47, 50)
(20, 23, 24, 25)
(18, 19, 22, 25, 28, 29, 31)
(44, 47, 48, 49, 50, 51, 52)
(72, 70, 69, 67, 66)
(20, 18, 17, 16, 15, 13, 11)
(45, 47, 49, 52, 53, 56)
(82, 84, 86, 89)
(79, 81, 83, 84, 87, 90, 91)
(14, 17, 19, 22, 23, 24)
(18, 15, 12, 10, 7)
(72, 69, 68, 65)
(49, 47, 45, 44, 43, 40)
(17, 20, 21, 23, 25)
(65, 63, 62, 59)
(64, 61, 58, 56)
(76, 73, 71, 70, 67)
(61, 64, 65, 66)
(19, 22, 23, 24, 27, 28)
(46, 45, 43, 41, 39)
(15, 12, 9, 6, 5, 2)
(32, 30, 29, 26, 23)
(16, 19, 22, 24, 27, 29, 31)
(61, 58, 55, 52, 51, 50, 47)
(57, 55, 52, 49, 47)
(98, 95, 92, 90)
(21, 18, 17, 15, 14)
(62, 65, 68, 71, 73)
(74, 72, 69, 66, 63)
(13, 12, 10, 9, 6, 4, 3)
(92, 89, 86, 84, 83, 80)
(62, 63, 64, 65, 67, 68)
(73, 74, 75, 77, 78, 80)
(54, 57, 58, 59, 60, 62, 64)
(76, 73, 71, 68, 67, 65, 62)
(44, 46, 47, 48)
(23, 24, 27, 28, 29)
(68, 71, 72, 75, 78)
(16, 19, 22, 24)
(9, 11, 13, 16, 18, 20)
(73, 70, 68, 67, 66, 64)
(79, 81, 82, 84)
(64, 61, 60, 59, 57, 54, 51)
(11, 8, 5, 4)
(76, 73, 70, 67, 65, 62, 61)
(69, 70, 73, 76, 77, 80, 82)
(67, 64, 63, 61, 59, 58, 57)
(66, 65, 64, 61, 58, 55, 53)
(41, 44, 47, 50, 51, 54)
(63, 60, 59, 56, 55, 54, 53)
(36, 33, 31, 29, 26)
(9, 7, 6, 5)
(73, 71, 68, 65)
(80, 77, 76, 74, 71, 68)
(29, 30, 32, 35, 37)
(18, 17, 15, 12, 9, 7, 5)
(75, 73, 71, 70, 69, 67, 64)
(59, 57, 54, 53, 50)
(85, 88, 89, 90, 92)
(7, 8, 10, 13, 15, 17, 19)
(79, 76, 74, 73, 71, 68)
(52, 49, 48, 46, 43, 40, 38)
(96, 95, 93, 90, 87, 86)
(20, 17, 16, 15, 12, 11, 10)
(61, 60, 58, 57, 54, 53, 52)
(62, 61, 60, 59, 56)
(17, 16, 15, 12, 11, 8)
(35, 33, 32, 29, 26, 24, 22)
(16, 18, 21, 22, 25)
(59, 58, 57, 55, 54, 53)
(51, 53, 55, 56, 58, 60)
(38, 39, 42, 43, 46, 48)
(12, 15, 16, 17, 19)
(42, 44, 45, 46, 48)
(41, 40, 39, 36, 33)
(47, 49, 50, 51, 53)
(92, 89, 87, 85, 82, 79, 76)
(75, 76, 78, 79)
(30, 27, 24, 22)
(80, 81, 82, 83, 84, 85, 86)
(55, 56, 57, 59, 62, 63, 66)
(73, 74, 77, 80, 83, 85, 87)
(89, 87, 86, 85, 83, 80, 77)
(39, 41, 42, 43, 45, 46, 49)
(52, 54, 57, 58, 59, 62, 65)
(50, 52, 54, 57, 58, 61, 63)
(9, 11, 14, 17)
(60, 59, 58, 55, 53, 52, 50)
(52, 54, 55, 57)
(87, 90, 92, 93, 95, 98)
(90, 88, 86, 83, 81, 80)
(91, 88, 85, 84, 81, 79, 78)
(35, 33, 32, 30, 28, 26)
(41, 40, 39, 36, 35, 33, 30)
(89, 91, 94, 96)
(74, 76, 79, 80, 83, 84)
(62, 59, 56, 54, 51)
(17, 15, 13, 12, 10, 8)
(83, 84, 85, 86, 87)
(16, 13, 10, 7, 6, 3)
(63, 64, 66, 68, 69, 71, 73)
(82, 84, 87, 90, 92, 95)
(12, 13, 15, 16, 17)
(79, 80, 81, 83, 84, 85, 87)
(20, 23, 25, 28, 31, 33, 34)
(5, 7, 10, 12)
(84, 85, 87, 88, 90, 92)
(48, 51, 53, 54)
(53, 56, 58, 60, 61, 64)
(77, 76, 73, 72, 69)
(65, 62, 61, 59, 58)
(75, 74, 72, 70, 67)
(59, 58, 57, 56, 55)
(67, 65, 64, 62, 60, 59)
(72, 73, 74, 75, 78, 79)
(62, 64, 67, 68, 71, 72)
(6, 9, 12, 15, 16)
(34, 36, 39, 41, 43)
(41, 42, 45, 46, 48)
(49, 50, 52, 55, 57, 60, 62)
(55, 56, 59, 60, 62, 64)
(86, 89, 90, 93)
(80, 78, 75, 74, 71, 70, 68)
(83, 81, 79, 76, 74)
(69, 68, 65, 62, 61)
(80, 83, 84, 87, 89, 90)
(33, 31, 29, 27, 24)
(31, 34, 36, 39)
(92, 91, 89, 88, 86, 85)
(93, 90, 89, 87, 85)
(36, 38, 41, 44, 46)
(11, 13, 14, 15, 17, 19, 22)
(4, 6, 7, 9, 10, 13)
(70, 71, 74, 77, 79)
(13, 10, 7, 5)
(43, 44, 47, 48, 50, 53, 55)
(60, 61, 63, 65, 67, 68, 70)
(75, 77, 79, 82, 85)
(51, 53, 55, 57, 60, 63)
(17, 20, 21, 24)
(47, 46, 45, 43, 41, 39)
(39, 42, 44, 45, 48, 49)
(60, 58, 57, 54, 52, 51)
(37, 36, 34, 32, 29, 26)
(64, 62, 59, 58, 55, 53)
(53, 54, 56, 59, 62, 65)
(72, 71, 69, 68)
(48, 45, 42, 41, 40)
(52, 50, 49, 46, 44, 43)
(16, 13, 12, 11, 10)
(28, 27, 24, 22, 21, 19)
(9, 12, 14, 17, 20, 22, 25)
(70, 72, 74, 75, 77)
(87, 85, 83, 80, 78, 76, 74)
(50, 49, 47, 45, 42)
(73, 71, 69, 67, 64, 61, 60)
(12, 14, 17, 18, 20)
(77, 74, 73, 72, 69)
(77, 74, 72, 69, 67, 66, 63)
(53, 56, 59, 60, 63, 65)
(40, 42, 44, 46, 49, 50, 51)
(66, 68, 70, 73, 75, 77, 78)
(34, 35, 38, 41, 43, 45, 48)
(3, 5, 7, 9, 11)
(75, 77, 80, 83, 84, 85, 88)
(90, 91, 93, 94)
(52, 53, 55, 57)
(65, 63, 60, 59)
(57, 58, 60, 61, 63)
(20, 19, 18, 16, 15)
(18, 19, 20, 21, 24)
(56, 53, 50, 48)
(19, 21, 23, 25, 27, 28, 29)
(64, 65, 66, 68)
(88, 87, 85, 82, 81)
(58, 59, 62, 64)
(91, 89, 87, 86, 83)
(84, 87, 89, 90, 91, 94)
(59, 60, 61, 64, 65, 66, 68)
(70, 73, 74, 76, 78)
(46, 49, 50, 52)
(19, 16, 14, 13, 10, 9)
(79, 76, 73, 70, 69, 66)
(34, 33, 32, 30, 28)
(15, 18, 20, 21, 23)
(89, 92, 93, 96)
(95, 92, 91, 90)
(17, 16, 15, 12, 10)
(47, 48, 50, 53, 55)
(19, 21, 24, 26, 29, 30, 32)
(35, 37, 40, 43, 44, 47, 50)
(1, 2, 5, 6, 8)
(59, 57, 56, 54, 53, 52, 50)
(21, 24, 25, 27, 30)
(32, 31, 30, 29, 27)
(32, 29, 26, 24, 23)
(20, 17, 15, 12, 11, 8, 7)
(60, 57, 56, 54, 53, 52, 51)
(72, 71, 70, 68, 67, 64, 62)
(53, 51, 50, 47, 44, 41, 40)
(86, 89, 91, 93)
(8, 10, 12, 13, 14, 15, 18)
(69, 70, 71, 72, 73, 74)
(34, 32, 29, 26, 25, 23)
(70, 67, 64, 63, 62, 59)
(60, 59, 57, 56, 53, 52)
(83, 85, 86, 88)
(91, 88, 85, 84)
(86, 84, 83, 81)
(49, 52, 53, 54)
(8, 9, 11, 14, 16, 17, 18)
(77, 80, 82, 85, 86, 88, 90)
(57, 59, 60, 63, 65, 67)
(71, 69, 66, 64, 61, 59)
(76, 74, 71, 69, 66)
(33, 35, 36, 38, 39, 41, 44)
(81, 84, 86, 89, 90)
(79, 78, 77, 76, 75, 72, 70)
(20, 23, 24, 27, 28)
(61, 59, 58, 57, 56, 54, 51)
(28, 30, 31, 32, 35, 36)
(55, 56, 58, 61, 63)
(63, 62, 59, 56)
(33, 32, 30, 28)
(23, 20, 19, 18, 15, 13, 12)
(68, 66, 63, 61, 59, 58, 56)
(87, 90, 92, 94, 95)
(71, 74, 75, 78, 80)
(81, 79, 76, 73, 71, 69)
(57, 59, 62, 64, 66)
(91, 88, 85, 82, 79, 78)
(23, 20, 17, 15, 13)
(62, 63, 66, 68, 69)
(62, 64, 66, 69, 71, 73, 76)
(30, 31, 33, 36, 39, 40)
(55, 54, 52, 51, 48, 45)
(40, 43, 45, 46, 47)
(48, 46, 43, 42, 40)
(87, 84, 83, 80, 77)
485
